CellType  V79

Parameter Alpha_ref 0.1900
Parameter Beta_ref 0.0200
Parameter Alpha0 0.1250
Parameter Beta0 0.0200
Parameter DomainRadius 0.2600
Parameter NucleusRadius 4.0000

Fragment H
1.00000e-01 8.42044e-01 5.18390e+01
1.12500e-01 8.47325e-01 5.11273e+01
1.25000e-01 8.53922e-01 5.02055e+01
1.37500e-01 8.60622e-01 4.92283e+01
1.50000e-01 8.67754e-01 4.81409e+01
1.62500e-01 8.74106e-01 4.71281e+01
1.75000e-01 8.80057e-01 4.61391e+01
1.87500e-01 8.85695e-01 4.51639e+01
2.00000e-01 8.90432e-01 4.43139e+01
2.12500e-01 8.95702e-01 4.33342e+01
2.25000e-01 8.99691e-01 4.25665e+01
2.37500e-01 9.04260e-01 4.16589e+01
2.50000e-01 9.07802e-01 4.09325e+01
3.12500e-01 9.24090e-01 3.73106e+01
3.75000e-01 9.36256e-01 3.42429e+01
4.37500e-01 9.45663e-01 3.16008e+01
5.00000e-01 9.52841e-01 2.93872e+01
5.62500e-01 9.58845e-01 2.73756e+01
6.25000e-01 9.63542e-01 2.56782e+01
6.87500e-01 9.67550e-01 2.41283e+01
7.50000e-01 9.70629e-01 2.28621e+01
8.75000e-01 9.75701e-01 2.06057e+01
1.00000e+00 9.79475e-01 1.87547e+01
1.12500e+00 9.82363e-01 1.72114e+01
1.25000e+00 9.84539e-01 1.59578e+01
1.37500e+00 9.86247e-01 1.49079e+01
1.50000e+00 9.87768e-01 1.39158e+01
1.62500e+00 9.88955e-01 1.30958e+01
1.75000e+00 9.89984e-01 1.23493e+01
1.87500e+00 9.90905e-01 1.16480e+01
2.00000e+00 9.91650e-01 1.10534e+01
2.12500e+00 9.92282e-01 1.05282e+01
2.25000e+00 9.92866e-01 1.00246e+01
2.37500e+00 9.93366e-01 9.57746e+00
2.50000e+00 9.93847e-01 9.13163e+00
3.12500e+00 9.95504e-01 7.45139e+00
3.75000e+00 9.96519e-01 6.27907e+00
4.37500e+00 9.97182e-01 5.43438e+00
5.00000e+00 9.97660e-01 4.77434e+00
5.62500e+00 9.97995e-01 4.27881e+00
6.25000e+00 9.98260e-01 3.86279e+00
6.87500e+00 9.98467e-01 3.52318e+00
7.50000e+00 9.98620e-01 3.25895e+00
8.75000e+00 9.98870e-01 2.80616e+00
1.00000e+01 9.99044e-01 2.46825e+00
1.12500e+01 9.99171e-01 2.20889e+00
1.25000e+01 9.99263e-01 2.01229e+00
1.37500e+01 9.99346e-01 1.82893e+00
1.50000e+01 9.99409e-01 1.68668e+00
1.62500e+01 9.99456e-01 1.57496e+00
1.75000e+01 9.99499e-01 1.47214e+00
1.87500e+01 9.99539e-01 1.37317e+00
2.00000e+01 9.99572e-01 1.29189e+00
2.12500e+01 9.99597e-01 1.22649e+00
2.25000e+01 9.99619e-01 1.16933e+00
2.37500e+01 9.99643e-01 1.10632e+00
2.50000e+01 9.99664e-01 1.05183e+00
3.12500e+01 9.99734e-01 8.57825e-01
3.75000e+01 9.99781e-01 7.23495e-01
4.37500e+01 9.99811e-01 6.34178e-01
5.00000e+01 9.99835e-01 5.61174e-01
5.62500e+01 9.99852e-01 5.05334e-01
6.25000e+01 9.99867e-01 4.59190e-01
6.87500e+01 9.99878e-01 4.24655e-01
7.50000e+01 9.99888e-01 3.93026e-01
8.75000e+01 9.99902e-01 3.44921e-01
1.00000e+02 9.99914e-01 3.06040e-01
1.12500e+02 9.99922e-01 2.80129e-01
1.25000e+02 9.99929e-01 2.54740e-01
1.37500e+02 9.99935e-01 2.35515e-01
1.50000e+02 9.99939e-01 2.21211e-01
1.62500e+02 9.99943e-01 2.07751e-01
1.75000e+02 9.99946e-01 1.96845e-01
1.87500e+02 9.99949e-01 1.85632e-01
2.00000e+02 9.99951e-01 1.77101e-01
2.12500e+02 9.99953e-01 1.70281e-01
2.25000e+02 9.99955e-01 1.63766e-01
2.37500e+02 9.99957e-01 1.58936e-01
2.50000e+02 9.99958e-01 1.52862e-01
3.12500e+02 9.99964e-01 1.31648e-01
3.75000e+02 9.99968e-01 1.17438e-01
4.37500e+02 9.99971e-01 1.08334e-01
5.00000e+02 9.99973e-01 1.00364e-01
5.62500e+02 9.99974e-01 9.51458e-02
6.25000e+02 9.99976e-01 9.07260e-02
6.87500e+02 9.99976e-01 8.81335e-02
7.50000e+02 9.99977e-01 8.50628e-02
8.75000e+02 9.99978e-01 8.11666e-02
1.00000e+03 9.99979e-01 7.83739e-02

Fragment He
1.00000e-01 4.11301e-01 6.41265e+01
1.12500e-01 3.93711e-01 6.32814e+01
1.25000e-01 3.80921e-01 6.26073e+01
1.37500e-01 3.70645e-01 6.20283e+01
1.50000e-01 3.64763e-01 6.16790e+01
1.62500e-01 3.60952e-01 6.14439e+01
1.75000e-01 3.59486e-01 6.13468e+01
1.87500e-01 3.60121e-01 6.13762e+01
2.00000e-01 3.60719e-01 6.14031e+01
2.12500e-01 3.65373e-01 6.16702e+01
2.25000e-01 3.67812e-01 6.18035e+01
2.37500e-01 3.74159e-01 6.21560e+01
2.50000e-01 3.78453e-01 6.23849e+01
3.12500e-01 4.17504e-01 6.42528e+01
3.75000e-01 4.63819e-01 6.58947e+01
4.37500e-01 5.10590e-01 6.69087e+01
5.00000e-01 5.53225e-01 6.72518e+01
5.62500e-01 5.94329e-01 6.70382e+01
6.25000e-01 6.29609e-01 6.64023e+01
6.87500e-01 6.62143e-01 6.54233e+01
7.50000e-01 6.88548e-01 6.43289e+01
8.75000e-01 7.35191e-01 6.16829e+01
1.00000e+00 7.72529e-01 5.88209e+01
1.12500e+00 8.02486e-01 5.59663e+01
1.25000e+00 8.26036e-01 5.33139e+01
1.37500e+00 8.45067e-01 5.08661e+01
1.50000e+00 8.62193e-01 4.84002e+01
1.62500e+00 8.75814e-01 4.62299e+01
1.75000e+00 8.87865e-01 4.41361e+01
1.87500e+00 8.98643e-01 4.21069e+01
2.00000e+00 9.07514e-01 4.03078e+01
2.12500e+00 9.14915e-01 3.87062e+01
2.25000e+00 9.21905e-01 3.71028e+01
2.37500e+00 9.27842e-01 3.56609e+01
2.50000e+00 9.33585e-01 3.41915e+01
3.12500e+00 9.53216e-01 2.84485e+01
3.75000e+00 9.65073e-01 2.42494e+01
4.37500e+00 9.72669e-01 2.11429e+01
5.00000e+00 9.78030e-01 1.86751e+01
5.62500e+00 9.81721e-01 1.67966e+01
6.25000e+00 9.84582e-01 1.52083e+01
6.87500e+00 9.86760e-01 1.39009e+01
7.50000e+00 9.88352e-01 1.28798e+01
8.75000e+00 9.90866e-01 1.11197e+01
1.00000e+01 9.92565e-01 9.79861e+00
1.12500e+01 9.93765e-01 8.77947e+00
1.25000e+01 9.94614e-01 8.00427e+00
1.37500e+01 9.95355e-01 7.27999e+00
1.50000e+01 9.95896e-01 6.71805e+00
1.62500e+01 9.96301e-01 6.27792e+00
1.75000e+01 9.96660e-01 5.86780e+00
1.87500e+01 9.96987e-01 5.47730e+00
2.00000e+01 9.97247e-01 5.15356e+00
2.12500e+01 9.97450e-01 4.89254e+00
2.25000e+01 9.97621e-01 4.66589e+00
2.37500e+01 9.97804e-01 4.41511e+00
2.50000e+01 9.97956e-01 4.19878e+00
3.12500e+01 9.98466e-01 3.42538e+00
3.75000e+01 9.98784e-01 2.89104e+00
4.37500e+01 9.98980e-01 2.53473e+00
5.00000e+01 9.99131e-01 2.24386e+00
5.62500e+01 9.99241e-01 2.02085e+00
6.25000e+01 9.99328e-01 1.83530e+00
6.87500e+01 9.99391e-01 1.69818e+00
7.50000e+01 9.99447e-01 1.57178e+00
8.75000e+01 9.99528e-01 1.37950e+00
1.00000e+02 9.99592e-01 1.22415e+00
1.12500e+02 9.99633e-01 1.12055e+00
1.25000e+02 9.99671e-01 1.01917e+00
1.37500e+02 9.99700e-01 9.42283e-01
1.50000e+02 9.99721e-01 8.84861e-01
1.62500e+02 9.99740e-01 8.31081e-01
1.75000e+02 9.99756e-01 7.87428e-01
1.87500e+02 9.99772e-01 7.42546e-01
2.00000e+02 9.99784e-01 7.08473e-01
2.12500e+02 9.99793e-01 6.81183e-01
2.25000e+02 9.99802e-01 6.55190e-01
2.37500e+02 9.99808e-01 6.35797e-01
2.50000e+02 9.99817e-01 6.11502e-01
3.12500e+02 9.99844e-01 5.26573e-01
3.75000e+02 9.99863e-01 4.69953e-01
4.37500e+02 9.99874e-01 4.33550e-01
5.00000e+02 9.99884e-01 4.01675e-01
5.62500e+02 9.99891e-01 3.80605e-01
6.25000e+02 9.99896e-01 3.62996e-01
6.87500e+02 9.99899e-01 3.52562e-01
7.50000e+02 9.99903e-01 3.40436e-01
8.75000e+02 9.99908e-01 3.24774e-01
1.00000e+03 9.99911e-01 3.13673e-01

Fragment C
1.00000e-01 4.58241e-02 2.30330e+01
1.12500e-01 4.13999e-02 2.18741e+01
1.25000e-01 3.80804e-02 2.09588e+01
1.37500e-01 3.54018e-02 2.01843e+01
1.50000e-01 3.34617e-02 1.95988e+01
1.62500e-01 3.19100e-02 1.91122e+01
1.75000e-01 3.07294e-02 1.87277e+01
1.87500e-01 2.98524e-02 1.84303e+01
2.00000e-01 2.90441e-02 1.81494e+01
2.12500e-01 2.86812e-02 1.80066e+01
2.25000e-01 2.81527e-02 1.78094e+01
2.37500e-01 2.80227e-02 1.77386e+01
2.50000e-01 2.77400e-02 1.76177e+01
3.12500e-01 2.82731e-02 1.76338e+01
3.75000e-01 2.99723e-02 1.80047e+01
4.37500e-01 3.22469e-02 1.85276e+01
5.00000e-01 3.46832e-02 1.90679e+01
5.62500e-01 3.75773e-02 1.97071e+01
6.25000e-01 4.04118e-02 2.02964e+01
6.87500e-01 4.35288e-02 2.09296e+01
7.50000e-01 4.63168e-02 2.14507e+01
8.75000e-01 5.25790e-02 2.25892e+01
1.00000e+00 5.92232e-02 2.37226e+01
1.12500e+00 6.61588e-02 2.48334e+01
1.25000e+00 7.30328e-02 2.58567e+01
1.37500e+00 7.99459e-02 2.68216e+01
1.50000e+00 8.78107e-02 2.79044e+01
1.62500e+00 9.53770e-02 2.88749e+01
1.75000e+00 1.03556e-01 2.98957e+01
1.87500e+00 1.12460e-01 3.09780e+01
2.00000e+00 1.21148e-01 3.19739e+01
2.12500e+00 1.29606e-01 3.28922e+01
2.25000e+00 1.39054e-01 3.39096e+01
2.37500e+00 1.48342e-01 3.48625e+01
2.50000e+00 1.58880e-01 3.59384e+01
3.12500e+00 2.11645e-01 4.07413e+01
3.75000e+00 2.67220e-01 4.51335e+01
4.37500e+00 3.21869e-01 4.89917e+01
5.00000e+00 3.77031e-01 5.23493e+01
5.62500e+00 4.27448e-01 5.48351e+01
6.25000e+00 4.76781e-01 5.66849e+01
6.87500e+00 5.22080e-01 5.78295e+01
7.50000e+00 5.60253e-01 5.83644e+01
8.75000e+00 6.31555e-01 5.81813e+01
1.00000e+01 6.88385e-01 5.68270e+01
1.12500e+01 7.33224e-01 5.48910e+01
1.25000e+01 7.67385e-01 5.28386e+01
1.37500e+01 7.98840e-01 5.03994e+01
1.50000e+01 8.22751e-01 4.81703e+01
1.62500e+01 8.41069e-01 4.62163e+01
1.75000e+01 8.57646e-01 4.42151e+01
1.87500e+01 8.72912e-01 4.21474e+01
2.00000e+01 8.85181e-01 4.03235e+01
2.12500e+01 8.94804e-01 3.87829e+01
2.25000e+01 9.02942e-01 3.73940e+01
2.37500e+01 9.11609e-01 3.57908e+01
2.50000e+01 9.18857e-01 3.43629e+01
3.12500e+01 9.42837e-01 2.89259e+01
3.75000e+01 9.57363e-01 2.48761e+01
4.37500e+01 9.66060e-01 2.20576e+01
5.00000e+01 9.72491e-01 1.96888e+01
5.62500e+01 9.77023e-01 1.78366e+01
6.25000e+01 9.80505e-01 1.62721e+01
6.87500e+01 9.82925e-01 1.51044e+01
7.50000e+01 9.85017e-01 1.40185e+01
8.75000e+01 9.87964e-01 1.23517e+01
1.00000e+02 9.90125e-01 1.09922e+01
1.12500e+02 9.91471e-01 1.00807e+01
1.25000e+02 9.92685e-01 9.18368e+00
1.37500e+02 9.93551e-01 8.50104e+00
1.50000e+02 9.94168e-01 7.99011e+00
1.62500e+02 9.94716e-01 7.51021e+00
1.75000e+02 9.95147e-01 7.12018e+00
1.87500e+02 9.95570e-01 6.71842e+00
2.00000e+02 9.95883e-01 6.41308e+00
2.12500e+02 9.96136e-01 6.16873e+00
2.25000e+02 9.96359e-01 5.93531e+00
2.37500e+02 9.96524e-01 5.76121e+00
2.50000e+02 9.96723e-01 5.54276e+00
3.12500e+02 9.97378e-01 4.77770e+00
3.75000e+02 9.97780e-01 4.26688e+00
4.37500e+02 9.98024e-01 3.93814e+00
5.00000e+02 9.98227e-01 3.64995e+00
5.62500e+02 9.98357e-01 3.45939e+00
6.25000e+02 9.98462e-01 3.30005e+00
6.87500e+02 9.98526e-01 3.20565e+00
7.50000e+02 9.98595e-01 3.09586e+00
8.75000e+02 9.98683e-01 2.95406e+00
1.00000e+03 9.98744e-01 2.85355e+00

Fragment Ne
1.00000e-01 2.18596e-02 1.58918e+01
1.12500e-01 1.87781e-02 1.46956e+01
1.25000e-01 1.65248e-02 1.37521e+01
1.37500e-01 1.47837e-02 1.29687e+01
1.50000e-01 1.35031e-02 1.23554e+01
1.62500e-01 1.24952e-02 1.18436e+01
1.75000e-01 1.17165e-02 1.14260e+01
1.87500e-01 1.11158e-02 1.10861e+01
2.00000e-01 1.05925e-02 1.07764e+01
2.12500e-01 1.02659e-02 1.05648e+01
2.25000e-01 9.91308e-03 1.03350e+01
2.37500e-01 9.72290e-03 1.01902e+01
2.50000e-01 9.50174e-03 1.00260e+01
3.12500e-01 9.24761e-03 9.66120e+00
3.75000e-01 9.56620e-03 9.59793e+00
4.37500e-01 1.01757e-02 9.67594e+00
5.00000e-01 1.09137e-02 9.80045e+00
5.62500e-01 1.18510e-02 1.00035e+01
6.25000e-01 1.28231e-02 1.01984e+01
6.87500e-01 1.39250e-02 1.04302e+01
7.50000e-01 1.49726e-02 1.06147e+01
8.75000e-01 1.73794e-02 1.10564e+01
1.00000e+00 2.00191e-02 1.15153e+01
1.12500e+00 2.28538e-02 1.19746e+01
1.25000e+00 2.57682e-02 1.23980e+01
1.37500e+00 2.87888e-02 1.27979e+01
1.50000e+00 3.21625e-02 1.32570e+01
1.62500e+00 3.55125e-02 1.36616e+01
1.75000e+00 3.91051e-02 1.40897e+01
1.87500e+00 4.29691e-02 1.45454e+01
2.00000e+00 4.68108e-02 1.49575e+01
2.12500e+00 5.06151e-02 1.53299e+01
2.25000e+00 5.47505e-02 1.57466e+01
2.37500e+00 5.88573e-02 1.61297e+01
2.50000e+00 6.33631e-02 1.65674e+01
3.12500e+00 8.58594e-02 1.84472e+01
3.75000e+00 1.08234e-01 2.01071e+01
4.37500e+00 1.28010e-01 2.16056e+01
5.00000e+00 1.46507e-01 2.31663e+01
5.62500e+00 1.63026e-01 2.46371e+01
6.25000e+00 1.79519e-01 2.61986e+01
6.87500e+00 1.95485e-01 2.77545e+01
7.50000e+00 2.09768e-01 2.91734e+01
8.75000e+00 2.40958e-01 3.22782e+01
1.00000e+01 2.72043e-01 3.53104e+01
1.12500e+01 3.02963e-01 3.82023e+01
1.25000e+01 3.32015e-01 4.07972e+01
1.37500e+01 3.65642e-01 4.34996e+01
1.50000e+01 3.96491e-01 4.57716e+01
1.62500e+01 4.24066e-01 4.76315e+01
1.75000e+01 4.53106e-01 4.93285e+01
1.87500e+01 4.83950e-01 5.08301e+01
2.00000e+01 5.11826e-01 5.19679e+01
2.12500e+01 5.35856e-01 5.27876e+01
2.25000e+01 5.57880e-01 5.33969e+01
2.37500e+01 5.83528e-01 5.38423e+01
2.50000e+01 6.06594e-01 5.40705e+01
3.12500e+01 6.95207e-01 5.32790e+01
3.75000e+01 7.59778e-01 5.06915e+01
4.37500e+01 8.02910e-01 4.78561e+01
5.00000e+01 8.37152e-01 4.47677e+01
5.62500e+01 8.62471e-01 4.19386e+01
6.25000e+01 8.82609e-01 3.92611e+01
6.87500e+01 8.96932e-01 3.71111e+01
7.50000e+01 9.09530e-01 3.49848e+01
8.75000e+01 9.27573e-01 3.15125e+01
1.00000e+02 9.40991e-01 2.84987e+01
1.12500e+02 9.49418e-01 2.64024e+01
1.25000e+02 9.57031e-01 2.42687e+01
1.37500e+02 9.62470e-01 2.26085e+01
1.50000e+02 9.66341e-01 2.13463e+01
1.62500e+02 9.69763e-01 2.01437e+01
1.75000e+02 9.72456e-01 1.91580e+01
1.87500e+02 9.75079e-01 1.81315e+01
2.00000e+02 9.77023e-01 1.73473e+01
2.12500e+02 9.78597e-01 1.67194e+01
2.25000e+02 9.79970e-01 1.61122e+01
2.37500e+02 9.80984e-01 1.56582e+01
2.50000e+02 9.82196e-01 1.50853e+01
3.12500e+02 9.86153e-01 1.30615e+01
3.75000e+02 9.88541e-01 1.16969e+01
4.37500e+02 9.89973e-01 1.08136e+01
5.00000e+02 9.91148e-01 1.00357e+01
5.62500e+02 9.91887e-01 9.51980e+00
6.25000e+02 9.92485e-01 9.08752e+00
6.87500e+02 9.92847e-01 8.83150e+00
7.50000e+02 9.93235e-01 8.53282e+00
8.75000e+02 9.93722e-01 8.14649e+00
1.00000e+03 9.94059e-01 7.87235e+00

